col0 col1
106.75552810438926 1.6134219937185565
-0.0003377608460523182 0.005204975703856953
0.06295652671019106 0.003992362999311905
4.166948624714774e-06 5.5850765749502465e-06
-1.232501820389239e-05 5.309140023662982e-06
5.479518925403068e-05 3.145661594038775e-06
-8.498891184020813 0.6428773326679962
0.006349409356772722 0.0014036528540229151
-0.003895162472276256 0.0011069440347655983
3.6562988316945235e-06 1.0868609560559118e-06
2.112086233202618e-06 1.028802324011806e-06
-2.9568051187471656e-06 6.580290453292053e-07
-2.647379891129868 0.09768985672433825
-0.0003665555321304489 0.000111467819035779
5.653535901422079e-05 8.213616424565824e-05
-0.03554212998887461 0.005235801691357647
