# anchor=1: R measured directly on CALSPEC HD163466 (jw09265); anchor=0: G/K-ensemble shape rescaled to the CALSPEC overlap (blue of the saturation limit)
wavelength DN/s/pixel/Jy err n_samples anchor
4.459618812281677 183490.41951031514 6043.830757333924 21.0 0
4.581290839011354 214792.03717200505 18579.11751966834 20.0 0
4.706282450376321 305353.877373594 10343.833672977851 24.0 0
4.834684214787799 360658.189866972 35185.38753786444 25.0 0
4.966589171639984 418655.84794203314 38601.474796532035 25.0 0
5.102092898726005 433672.73360769614 8102.797727228098 28.0 0
5.24129358149321 433412.42285966367 26587.97463288449 32.0 0
5.384292084187938 398735.66521860793 12094.710089393926 33.0 0
5.531192022941339 394325.34783249296 25653.476031964165 35.0 0
5.682099840849204 354730.1384722483 12192.186390865774 38.0 0
5.837124885100189 329931.09835794155 16335.30289306579 41.0 0
5.99637948620835 311618.6674417893 12530.600227325345 47.0 0
6.159979039407369 302665.04798413697 15383.434975967535 47.0 0
6.328042088265474 293305.8401857455 10771.934581867952 50.0 0
6.500690410581619 296786.9884643266 20628.150067154605 56.0 0
6.678049106625185 290665.25847798964 13108.394872926696 58.0 0
6.860246689783121 271751.3040100757 10684.769478964206 65.0 0
7.047415179680222 260229.06887944887 10026.941980815724 69.0 0
7.239690197840005 252121.9173979845 11189.316002071975 72.0 0
7.437211065955521 230202.03347553522 765.6883801945745 78.0 1
7.640120906841274 215387.81665027962 383.2916512167944 84.0 1
7.848566748139433 203631.67165432102 222.2588446374079 92.0 1
8.06269962885546 190299.12245001952 408.11060432979065 95.0 1
8.282674708800364 177887.50923820192 560.3352125265794 103.0 1
8.508651381018849 169682.02083589166 632.2078101230798 111.0 1
8.740793387284883 167586.69292742724 427.9594408816798 117.0 1
8.979268936748309 152080.8224498214 490.7528068493176 128.0 1
9.224250827818505 138537.02933668985 396.20924408494113 133.0 1
9.475916573373414 127809.2109616092 215.26897749505997 146.0 1
9.734448529384647 115505.75290552338 243.808231534708 153.0 1
10.000034027051871 103688.12977123397 196.71966912926027 163.0 1
10.272865508542239 89315.96233180698 138.20498226954854 176.0 1
10.553140666433194 70025.18603202305 152.27336466505182 185.0 1
10.841062586959703 53903.67033822579 135.68600284965342 205.0 1
11.136839897169718 41861.68193111642 146.09257636700792 213.0 1
11.440686916094474 35217.44505362751 158.74682191013036 226.0 1
11.752823810043198 26829.18060344686 150.32870194218808 247.0 1
12.073476752134704 19302.12527965592 101.39435725716602 262.0 1
12.402878086181518 13522.478223127458 56.526466991621234 276.0 1
12.741266495045256 9248.851576176088 26.157687328998353 299.0 1
13.088887173585249 7495.531986584483 25.509863958129706 318.0 1
13.445992006325737 5682.7592478901715 32.09717603058193 218.0 1
